 
2.4544823681668606
 
2.4553563598523813
 
2.45722586699282
 
2.460513359654337
 
2.461656363946772
 
2.463875804760489
 
2.4674657608878734
 
2.468019285947133
 
2.4683940585391326
 
2.46864869542476
 
2.4693286943639916
 
2.4696934984153227
 
2.4688148830457934
 
2.468467972103331
 
2.4661093062395723
 
2.4663593840758025
 
2.4682800826027242
 
2.4759223234197822
 
2.4909486385952744
 
2.5017737857499074
 
2.5091691083998424
 
2.5091691083998424
 
2.5091691083998424
 
2.5091691083998424
 
2.513044845207077
 
2.5080347489632966
 
2.5095065550406
 
2.5104184200455526
 
2.5104184200455526
 
2.5125026006285855
 
2.514348502270566
 
2.5164004327656406
 
2.5202096244487517
 
2.5212029529920312
 
2.5229005117690755
 
2.523826103668597
 
2.5241991129266217
 
2.525822401101908
 
2.5254114375599603
 
2.5249881584485134
 
2.5241059361005806
 
2.5241059361005806
 
2.5241059361005806
 
2.5241059361005806
 
2.52022421558308
 
2.51975989638857
 
2.5132199458332662
 
2.510531282150587
 
2.496960573170371
 
2.490294891613754
 
2.476147745098024
 
2.476147745098024
 
2.476147745098024
 
2.476147745098024
 
2.462607832606437
 
2.462607832606437
 
2.4598596237335
 
2.461048537323022
 
2.4651483216059566
 
2.4662425248849913
 
2.4690100536561657
 
2.470204694072361
 
2.4716526364458966
 
2.472267295276545
 
2.473264418026941
 
2.4740331560928124
 
2.472429638626432
 
2.4696562070397343
 
2.4661108031246406
 
2.4641783039554164
 
2.4618594163317344
 
2.4598779555753225
 
2.458791455530849
 
2.456593409485068
 
2.454484940138491
 
2.4531313833057284
 
2.4522023384822047
 
2.450851252394511
 
2.449946666067553
 
2.447698751625695
 
2.4450640905134047
 
2.4450640905134047
 
2.438004193036005
 
2.438004193036005
 
2.438004193036005
 
2.438004193036005
 
2.438004193036005
 
2.438004193036005
 
2.438004193036005
 
2.438004193036005
 
2.438004193036005
 
2.438004193036005
 
2.438004193036005
 
2.438004193036005
 
2.438004193036005
 
2.438004193036005
 
2.4389939868068495
 
2.4401411416110155
 
2.439763176940532
 
2.439763176940532
 
2.439763176940532
 
2.439763176940532
 
2.439763176940532
 
2.439763176940532
 
2.439763176940532
 
2.439763176940532
 
2.439763176940532
 
2.439763176940532
 
2.439763176940532
 
2.439763176940532
 
2.439763176940532
 
2.439763176940532
 
2.439763176940532
 
2.439763176940532
 
2.439763176940532
 
2.439763176940532
 
2.453690678020989
 
2.4561173123886775
 
2.4561173123886775
 
2.450002455096085
 
2.449525773061852
 
2.449525773061852
 
2.449525773061852
 
2.449525773061852
 
2.449525773061852
 
2.449525773061852
 
2.449525773061852
 
2.449525773061852
 
2.449525773061852
 
2.449525773061852
 
2.449525773061852
 
2.449525773061852
 
2.449525773061852
 
2.449525773061852
 
2.449525773061852
 
2.449525773061852
 
2.449525773061852
 
2.449525773061852
 
2.449525773061852
 
2.449525773061852
 
2.449525773061852
 
2.449525773061852
 
2.430260671493601
 
2.428330850948514
 
2.4265284089742383
 
2.4250950241328337
 
2.4240688746891244
 
2.4240688746891244
 
2.4240688746891244
 
2.4240688746891244
 
2.4240688746891244
 
2.4240688746891244
 
2.4240688746891244
 
2.4240688746891244
 
2.4240688746891244
 
2.4240688746891244
 
2.4240688746891244
 
2.4240688746891244
 
2.4240688746891244
 
2.4240688746891244
 
2.4240688746891244
 
2.4240688746891244
 
2.4240688746891244
 
2.4365900902688975
 
2.4371648395634344
 
2.4371648395634344
 
2.4371648395634344
 
2.4371648395634344
 
2.4371648395634344
 
2.4371648395634344
 
2.4371648395634344
 
2.4371648395634344
 
2.4371648395634344
 
2.4371648395634344
 
2.4371648395634344
 
2.4371648395634344
 
2.4371648395634344
 
2.4371648395634344
 
2.4371648395634344
 
2.4371648395634344
 
2.4371648395634344
 
2.4371648395634344
 
2.4371648395634344
 
2.4371648395634344
 
2.4371648395634344
 
2.4371648395634344
 
2.4371648395634344
 
2.4371648395634344
 
2.4371648395634344
 
2.439226213913632
 
2.4388940201577904
 
2.4367108112949527
 
2.4358862069187843
 
2.4358862069187843
 
2.4358862069187843
 
2.4358862069187843
 
2.4358862069187843
 
2.4358862069187843
 
2.4358862069187843
 
2.4358862069187843
 
2.4358862069187843
 
2.4358862069187843
 
2.4358862069187843
 
2.4358862069187843
 
2.4358862069187843
 
2.4358862069187843
 
2.4358862069187843
 
2.4358862069187843
 
2.4358862069187843
 
2.4358862069187843
 
2.4374703765001136
 
2.4370449704685027
 
2.4370449704685027
 
2.4370449704685027
 
2.4370449704685027
 
2.4370449704685027
 
2.4370449704685027
 
2.4370449704685027
 
2.4370449704685027
 
2.4370449704685027
 
2.4370449704685027
 
2.4370449704685027
 
2.4370449704685027
 
2.4370449704685027
 
2.4370449704685027
 
2.4370449704685027
 
2.4234290691770717
 
2.4234290691770717
 
2.4234290691770717
 
2.4234290691770717
 
2.4234290691770717
 
2.4234290691770717
 
2.4234290691770717
 
2.4234290691770717
 
2.4234290691770717
 
2.4234290691770717
 
2.4234290691770717
 
2.4234290691770717
 
2.4234290691770717
 
2.4234290691770717
 
2.4234290691770717
 
2.4234290691770717
 
2.4440280082769865
 
2.4429439228687375
 
2.4427181771348616
 
2.4427181771348616
 
2.4427181771348616
 
2.4427181771348616
 
2.4427181771348616
 
2.4427181771348616
 
2.4427181771348616
 
2.4427181771348616
 
2.4427181771348616
 
2.4427181771348616
 
2.4427181771348616
 
2.4427181771348616
 
2.4427181771348616
 
2.4427181771348616
 
2.4427181771348616
 
2.4427181771348616
 
2.4427181771348616
 
2.4427181771348616
 
2.4427181771348616
 
2.4427181771348616
 
2.4427181771348616
 
2.412893567649555
 
2.4126799612443692
 
2.4126799612443692
 
2.4126799612443692
 
2.4126799612443692
 
2.4126799612443692
 
2.4126799612443692
 
2.4126799612443692
 
2.4126799612443692
 
2.4126799612443692
 
2.4126799612443692
 
2.4126799612443692
 
2.4126799612443692
 
2.4126799612443692
 
2.4126799612443692
 
2.4126799612443692
 
2.4126799612443692
 
2.4126799612443692
 
2.4126799612443692
 
2.4394594111529577
 
2.442761036159275
 
2.4432998525925007
 
2.4432998525925007
 
2.4438600292902617
 
2.4438600292902617
 
2.4438600292902617
 
2.4438600292902617
 
2.4438600292902617
 
2.4438600292902617
 
2.4438600292902617
 
2.4438600292902617
 
2.4438600292902617
 
2.4438600292902617
 
2.4438600292902617
 
2.4438600292902617
 
2.4270634273683784
 
2.4270634273683784
 
2.4270634273683784
 
2.4270634273683784
 
2.4270634273683784
 
2.4270634273683784
 
2.551140187374809
 
2.551140187374809
 
2.663183222852079
 
2.663183222852079
 
2.6827922712180943
 
2.6827922712180943
 
2.6827922712180943
 
2.687489436253021
 
2.67726899842133
 
2.670667638602109
 
2.670667638602109
 
2.670667638602109
 
2.670667638602109
 
2.7280649614549435
 
2.7280649614549435
 
2.8345994801080785
 
2.8671202532967355
 
2.8671202532967355
 
2.8671202532967355
 
2.8928063285902152
 
2.8928063285902152
 
2.906174583801056
 
2.939743879840971
 
2.939743879840971
 
2.9896991832895066
 
3.0017728688160683
 
3.0049538078565234
 
3.0049538078565234
 
3.0049538078565234
 
3.0049538078565234
 
3.0049538078565234
 
3.0049538078565234
 
3.0049538078565234
 
3.0049538078565234
 
3.0049538078565234
 
3.0049538078565234
 
2.974117773449152
 
2.9730221736849196
 
2.9730221736849196
 
2.9730221736849196
 
2.9730221736849196
 
2.9730221736849196
 
2.9730221736849196
 
2.9730221736849196
 
2.9730221736849196
 
2.9730221736849196
 
2.9730221736849196
 
2.9730221736849196
 
2.9730221736849196
 
2.9730221736849196
 
2.9730221736849196
 
2.9692686648473
 
2.9692686648473
 
2.9692686648473
 
2.9692686648473
 
2.9690506415994022
 
2.9690506415994022
 
2.9690506415994022
 
2.9690506415994022
 
2.9666709190580103
 
2.9658560915300107
 
2.9658813546497242
 
2.9656490115443463
 
2.9656490115443463
 
2.9656490115443463
 
2.9656490115443463
 
2.962380904005208
 
2.9595290966135908
 
2.956107424436928
 
2.956107424436928
 
2.956107424436928
 
2.956107424436928
 
2.956107424436928
 
2.960712359403681
 
2.960712359403681
